0.08060639715194702
0.08637946462631226
0.0855929217338562
0.08289426183700561
0.08540337896347046
0.0807396731376648
0.08819597578048706
0.08095758771896362
0.0785886607170105
0.0867981276512146
0.09074443197250366
0.08677881574630737
0.08986371374130249
0.08571689939498901
0.08861177778244018
0.08675783491134643
0.0895749888420105
0.0852729640007019
0.0873169264793396
0.08967822408676147
0.08572452878952026
0.07869904851913452
0.08279746389389038
0.08572023725509643
0.08323329305648804
0.08932679510116577
0.08515971517562866
0.08115547513961792
0.09106844282150268
0.08543270444869995
0.08863681173324585
0.08524673795700073
0.0891479811668396
0.09159344053268433
0.08128040647506714
0.08481162405014038
0.09002369260787964
0.09196656560897827
0.08875792837142944
0.07786219930648804
0.08438390111923218
0.07341044759750366
0.05714720106124878
0.07647174215316772
0.00039273881912231523
0.014996226787567138
0.0026651062965393074
0.004896227359771729
0.027983967304229737
0.030880037784576417
0.024862114429473878
0.0048018136024475105
0.009436670780181886
0.0005437693595886223
0.005782667636871339
0.013024266719818114
0.03270142889022827
0.023009236812591552
0.03720444059371948
0.040850099086761474
0.06990021085739136
0.08350437498092651
0.0884007773399353
0.07896297788619995
0.08669632291793823
0.07664507246017456
0.08169978475570679
0.08338301992416382
0.09034150457382202
0.08987634992599487
0.08653395986557007
0.06994956350326538
0.08912485456466675
0.08799331998825073
0.08302539205551147
0.08574097967147827
0.0902625880241394
0.08422368383407593
0.08041709280014038
0.07311933851242065
0.0915140471458435
0.08017724370956421
0.0913755259513855
0.08733504629135132
0.09210341787338257
0.08975356435775757
0.08940308904647827
0.08833092069625854
0.08178776121139526
0.09072535848617554
0.09098952627182007
0.08804338788986206
0.08002680158615112
0.07204621648788452
0.06819432592391968
0.08678000783920288
0.08521693563461304
0.07745211935043335
0.06287616109848022
0.0827235541343689
0.07533305501937866
0.08018773412704468
0.06930178022384643
0.0596379599571228
0.07957332944869995
0.08578413343429565
0.07454412794113159
0.07058137273788452
0.06953066205978393
0.09051769590377808
0.0824658236503601
0.07562058782577515
0.07409733152389526
0.09235375738143921
0.07873481130599976
0.05821698522567749
0.077810462474823
0.09112661695480347
0.08112853384017944
0.08799212789535522
0.07923739767074585
0.08482449865341186
0.08393162107467651
0.08697431898117065
0.0878056845664978
0.08811801290512085
0.07166927671432495
0.0905820689201355
0.08668511724472046
0.07878988599777222
0.09173053121566772
0.08623736715316772
0.08639710760116577
0.08536189413070679
0.08150928831100464
0.07446544981002808
0.083289559841156
0.08671110486984253
0.08832257604598999
0.08413189268112183
0.09250157690048218
0.09156101560592651
0.08860128736495972
0.08366649961471558
0.06463807439804077
0.08405512189865112
0.0883232913017273
0.08550923681259155
0.083090003490448
0.07687657690048218
0.08333938932418823
0.09005635595321655
0.08968394613265991
0.07203429555892944
0.05182951307296753
0.05445831632614136
0.059981759548187255
0.07171076154708862
0.08939092969894409
0.08464306211471558
0.07383721685409546
0.0765132269859314
0.08574193334579468
0.08586304998397827
0.05058782911300659
0.06907623624801636
0.05827086782455444
0.07731049871444702
0.07224982595443726
0.08533781385421753
0.07712190961837768
0.08196800565719604
0.08700221395492554
0.08808606481552124
0.09013217306137085
0.08987301206588745
0.08691137647628784
0.07852428770065308
0.09273904180526733
0.09074657773971558
0.09170358991622925
0.09137957906723022
0.08949178075790405
0.08905166006088257
0.08547943449020386
0.08510607099533081
0.06531256055831909
0.08480757093429565
0.08092778539657593
0.09189956998825073
0.08544820165634155
0.09016888952255249
0.07213610029220581
0.08513277387619018
0.09000914907455444
0.08521717405319214
0.07564681386947632
0.08179610586166382
0.08665722227096558
0.08439176893234253
0.08975714063644409
0.08620971059799194
0.09059065198898315
0.09224789953231811
0.09101408338546753
0.05531161642074585
0.07535808897018433
0.09256428098678589
0.0570895037651062
0.05873411512374878
0.07962363576889038
0.08941644048690796
0.07788532590866089
0.0889038405418396
0.08013933515548706
0.0746983847618103
0.08010214185714722
0.0740260443687439
0.0222994647026062
0.03457611417770386
0.05512684202194214
0.06707328176498413
0.055510934352874755
0.0752472243309021
0.06954210615158081
0.08920210218429565
0.09176486349105835
0.09001391744613647
0.08952205991744995
0.086202796459198
0.08261316633224487
0.08854406690597534
0.08889907217025757
0.07254331922531128
0.09266846990585327
0.09119814252853393
0.09137290334701538
0.09202187871932983
0.09139006948471069
0.08735793447494507
0.08566802358627319
0.05936044073104858
0.06379311895370483
0.08634942388534546
0.09289091444015503
0.08411854124069214
0.09072225904464722
0.09058826780319214
0.08624261236190796
0.08304756498336792
0.08009379720687866
0.07806413984298706
0.0874552092552185
0.08384793615341186
0.07491606092453003
0.08643382406234741
0.08842509603500366
0.06954520559310913
0.08938425397872925
0.08022397375106811
0.054302390575408935
0.06136911725997925
0.08068316793441772
0.08694618558883667
0.0861265025138855
0.09012668943405151
0.08103936529159546
0.08516305303573608
0.09020775175094604
0.09169071531295776
0.08927672719955444
0.05685132360458374
0.07710045194625854
0.062368091106414794
0.05339854574203491
0.06587618207931518
0.0847696623802185
0.08055442190170288
0.09156792974472046
0.07842725133895874
0.0630413851737976
0.08294671392440796
0.07745617246627808
0.07946818685531616
0.06547420835494995
0.06841390943527222
0.0871798357963562
0.08854621267318726
0.08306496953964233
0.0743321738243103
0.08356922483444214
0.09101551389694214
0.0901092848777771
0.07854598379135132
0.07672017431259155
0.0805425009727478
0.08476322507858276
0.07665508604049683
0.0898186526298523
0.0879577956199646
0.08676021909713745
0.08665126180648804
0.08476775503158569
0.08953517293930054
0.08921926832199097
0.0908419451713562
0.09194343900680542
0.090597327709198
0.0813044867515564
0.09168713903427124
0.08482735967636108
0.09140890455245972
0.07464474058151245
0.0920483431816101
0.08964746809005737
0.05607884740829468
0.07513850545883179
0.051043208599090575
0.06939929342269897
0.08137863492965698
0.08895271635055542
0.0838684401512146
0.08788984632492065
0.09030073499679565
0.0742256007194519
0.09279077863693237
0.07576435422897339
0.08774917936325073
0.08185213422775268
0.08387487745285034
0.0825411639213562
0.07350414609909058
0.07405012464523315
0.08283322668075561
0.07483785963058472
0.060804303646087646
0.0729133448600769
0.09306400632858276
0.08062117910385132
0.08427828168869018
0.09346264219284058
0.09094756460189819
0.0808319411277771
0.08841961240768433
0.08415549612045288
0.08854478216171265
0.07570808744430542
0.09264725065231323
0.0872093997001648
0.08764069890975952
0.08724850034713745
0.08906691884994507
0.09324353551864624
0.09029548978805542
0.09060829496383667
0.09098904943466186
0.0896062216758728
0.08063858366012573
0.08349912977218628
0.09095614767074585
0.09303038930892944
0.09133213376998901
0.0934511981010437
0.07984536504745483
0.08170431470870972
0.06514376020431518
0.0857304892539978
0.05765908575057983
0.05730789518356323
0.07565134382247925
0.0793063006401062
0.07125991201400757
0.0749415717124939
0.09285133695602417
0.09102815008163452
0.08326953268051147
0.09038036680221558
0.09231775617599487
0.0924138388633728
0.08834188795089722
0.07455056524276733
0.08668702459335327
0.0754758677482605
0.08651393270492554
0.08887570714950561
0.08726161336898804
0.0738138518333435
0.09289139127731323
0.07658689832687378
0.08101290082931518
0.07740944242477417
0.08328502988815308
0.09004538869857788
0.08294528341293335
0.067725594997406
0.07777422285079956
0.09016507482528686
0.09344571447372436
0.08996241903305054
0.05660742139816284
0.07656997060775757
0.0879122576713562
0.0860046706199646
0.08771127080917358
0.09171002721786499
0.09230440473556518
0.0895904860496521
0.08408897733688354
0.0911478362083435
0.082007821559906
0.08241170263290405
0.08512371397018433
0.0920938811302185
0.09060591077804565
0.08932512617111206
0.08523314809799194
0.08417528486251831
0.09393328046798706
0.07489031171798706
0.03594868993759155
0.049006160259246825
0.06751530981063843
0.08706539487838745
0.09516518926620483
0.07457011556625366
0.04695647573471069
0.06648724889755249
0.08536904668807983
0.08958881711959839
0.09362095212936401
0.08419316625595093
0.07804578161239624
0.08329933500289917
0.07991331434249878
0.08110063886642456
0.07560056066513061
0.09191125249862671
0.08704369878768921
0.06349676465988159
0.08317201948165893
0.08066838598251343
0.09251421308517456
0.08562868452072143
0.09355395650863647
0.07732456541061401
0.08047288274765015
0.08676427221298218
0.09109276151657104
0.08388822889328003
0.08878010129928589
0.0676791033744812
0.07052343702316284
0.08948915815353393
0.09006136274337768
0.09234445905685425
0.09392159795761108
0.08697026586532593
0.09412043905258179
0.08933943128585815
0.08616965627670288
0.09227388715744018
0.09384506559371948
0.08300345754623413
0.0882326922416687
0.07866185522079468
0.09343736982345581
0.08401816701889038
0.08604567861557007
0.08481090879440308
0.06764691686630249
0.08721845960617065
0.05964821195602417
0.07922380781173706
0.07596939420700073
0.09103554105758667
0.07896345472335815
0.07815950727462768
0.07521336889266968
0.0752021632194519
0.0706855616569519
0.09023898458480835
0.08781236028671265
0.09385317182540893
0.07643550252914429
0.07596844053268433
0.08901780462265015
0.08289354658126831
0.08039587354660034
0.089986976146698
0.08936374998092651
0.04221790647506714
0.05263894414901733
0.07292979574203491
0.05865972852706909
0.07796948766708374
0.08364098882675171
0.08811324453353882
0.09336918210983276
0.08779424047470093
0.08619159078598022
0.08414500570297241
0.09314864492416382
0.09350603437423706
0.09051197385787964
0.08499925947189331
0.07088511800765991
0.06305735921859741
0.06602829313278198
0.07128995275497436
0.07027691221237183
0.08910435056686401
0.07963889455795288
0.08567374563217163
0.08338969564437866
0.07461803770065308
0.09489887571334839
0.08059376096725464
0.0893925986289978
0.08488243436813354
0.0936500391960144
0.08617132520675659
0.09186166143417358
0.09146588659286499
0.06954186773300171
0.06931846952438354
0.0755669436454773
0.054577287197113036
0.06003611898422241
0.07944768285751343
0.07662194585800171
0.08582418775558472
0.08865207052230835
0.07610815382003784
0.07284181928634643
0.09307258939743042
0.09406607961654663
0.07681601858139038
0.08607023572921753
0.0942446551322937
0.0874089560508728
0.09360020971298218
0.09105938291549683
0.09020632123947143
0.08519476270675659
0.08287924146652222
0.0889040789604187
0.054900344371795654
0.07308262205123901
0.07349460935592651
0.09248774862289429
0.08491867399215698
0.08564942693710327
0.09409373617172241
0.08500593519210815
0.09088295316696167
0.08102172231674194
0.0901102385520935
0.09141915655136108
0.09093063688278198
0.08898728704452515
0.061440404415130614
0.06418841695785522
0.058789905071258544
0.07536381101608276
0.09521263456344604
0.0908262095451355
0.09210961675643921
0.08565967893600464
0.08817380285263061
0.08411472654342651
0.07716744756698608
0.09498256063461304
0.08791535711288452
0.08727568006515503
0.0752784571647644
0.08472627019882202
0.09301513051986694
0.0926117262840271
0.07131927824020386
0.07235401487350464
0.04308312749862671
0.037588056087493896
0.05805796003341675
0.0784968695640564
0.07706111288070679
0.07718151426315308
0.0778872332572937
0.08924287176132202
0.07697552061080933
0.09320181226730347
0.08209102964401245
0.08905857419967651
0.08179992055892944
0.09341758108139038
0.09138029432296753
0.08690255498886108
0.08660834646224976
0.08992331838607788
0.07031648969650268
0.07482689237594604
0.07270139074325561
0.09119671201705933
0.0705315432548523
0.08973973608016968
0.08023970937728882
0.0932673773765564
0.08487718915939331
0.08288663244247436
0.08747714376449585
0.08718508100509643
0.09024065351486206
0.08721512174606323
0.07950061178207397
0.0919560751914978
0.07641642904281616
0.09371512746810913
0.0916363558769226
0.09068220472335815
0.08382027959823608
0.08668201780319214
0.07995003080368042
0.08690994596481323
0.07655232763290405
0.08251565313339233
0.08979147291183472
0.08832209920883179
0.07620209074020386
0.09485953664779663
0.09527748441696167
0.0764080843925476
0.07633393621444702
0.09347384786605835
0.0873636565208435
0.06559508657455444
0.08620661115646362
0.08950918531417847
0.0810467562675476
0.09355681753158569
0.05985229825973511
0.08063977575302124
0.07503670072555542
0.09436314916610718
0.07606738424301147
0.0824190936088562
0.08584278440475464
0.09311097478866577
0.09138911581039429
0.08143370962142944
0.09240191793441772
0.08320086812973022
0.089667733669281
0.09162991857528686
0.07662957525253296
0.09285467481613159
0.08926003789901733
0.08118790006637573
0.08689874029159546
0.080237802028656
0.09560006475448608
0.08093255376815796
0.08586638784408569
0.08585494375228882
0.09080570554733276
0.09485023832321167
0.07083052015304565
0.09016507482528686
0.0845696291923523
0.09380524969100952
0.09024399137496948
0.09262030935287476
0.08847206449508667
0.09408777570724487
0.08829134321212768
0.08463567113876343
0.09010833120346069
0.08642381048202515
0.09040993070602417
0.08409636831283569
0.08872764921188354
0.09417789793014526
0.09424155569076538
0.0807108244895935
0.0664119086265564
0.08579462385177612
0.09396046018600464
0.0932521185874939
0.08009856557846069
0.092200692653656
0.07741087293624878
0.07954781866073608
0.07843345022201538
0.090583261013031
0.09293049192428589
0.06866091108322143
0.010654147624969482
0.029010947704315185
0.0504521689414978
0.06347101545333862
0.08209436750411987
0.08145612096786499
0.09178489065170288
0.09531610822677612
0.09046643590927124
0.08729165410995483
0.09187119817733765
0.09395831441879272
0.08943479871749878
0.09559243535995483
0.08404582357406616
0.08456247663497925
0.0626124701499939
0.08213156080245972
0.07498043394088745
0.08765619611740112
0.08220141744613647
0.08703130102157593
0.09341138219833374
0.09285992002487183
0.06902378416061401
0.06977122640609741
0.08904307699203491
0.07719415044784546
0.08338707304000854
0.07657783842086792
0.09500449514389038
0.08910816526412964
0.0870887598991394
0.09177535390853882
0.09250753736495972
0.09396856641769409
0.08507221555709839
0.09238737440109253
0.09441393232345581
0.08371227598190308
0.08874076223373413
0.0946559271812439
0.08316343641281128
0.08953803396224976
0.0875157675743103
0.08634441709518433
0.08845442152023315
0.06805294370651245
0.08710568761825561
0.09558599805831909
0.09176414823532104
0.0927037558555603
0.09394782400131226
0.0776898226737976
0.09172314023971558
0.08344357824325561
0.0748364291191101
0.06835335111618042
0.08646982526779175
0.06448787069320679
0.06386106824874878
0.0835794768333435
0.09159987783432007
0.0916358790397644
0.08196800565719604
0.09463017797470093
0.08607953405380249
0.08825558042526245
0.0821441969871521
0.09443205213546753
0.07865446424484253
0.07769935941696167
0.09304517126083374
0.06991165494918823
0.06485265111923218
0.08444541311264038
0.0942897162437439
0.07244461393356323
0.08023494100570679
0.0727898440361023
0.07239287710189819
0.07059520101547241
0.09005945539474487
0.07099359846115112
0.07071894025802612
0.06892484045028686
0.08874171590805054
0.08355325078964233
0.09247749662399292
0.09450643873214722
0.09550159788131714
0.09510272359848022
0.08713858938217163
0.0913760027885437
0.08652537679672241
0.08888738965988159
0.09287947034835815
0.08680337285995483
0.08466332769393921
0.08513205862045288
0.0911170802116394
0.09172027921676636
0.08943408346176147
0.07835048055648804
0.09077185010910034
0.0785731635093689
0.08135741567611694
0.09496754026412964
0.0885681471824646
0.08316987371444702
0.08644526815414429
0.0756434760093689
0.07832449293136597
0.09478157377243042
0.08776920652389526
0.07714265203475952
0.09605234479904175
0.07749431943893433
0.07553022718429565
0.09652083730697632
0.0928410849571228
0.08596104001998901
0.08838814115524292
0.08342831945419311
0.09387153005599976
0.09463566160202026
0.09426349020004272
0.03358739233016968
0.0248629412651062
0.043976720333099364
0.06268041944503784
0.0816859564781189
0.07561510419845581
0.06924718236923218
0.0817162356376648
0.0936638674736023
0.0726222357749939
0.0858685336112976
0.094703134059906
0.0708081088066101
0.09008353567123413
0.07870000219345093
0.09487145757675171
0.0949315390586853
0.09394424772262573
0.08944457387924194
0.08957808828353882
0.08285230016708374
0.0891792140007019
0.0878054461479187
0.08691924428939819
0.0888439974784851
0.08802812910079956
0.08445399618148804
0.08309954023361206
0.09006207799911499
0.0934352240562439
0.0889500937461853
0.08597820615768433
0.09567731237411499
0.08436673498153686
0.09591286993026733
0.09564178800582886
0.08699887609481811
0.0861584506034851
0.07685392713546753
0.05853408193588257
0.07813757276535034
0.0707153639793396
0.08989375448226929
0.08841722822189331
0.0580503306388855
0.07788294172286987
0.0771395525932312
0.0721356234550476
0.0739814600944519
0.07709258413314819
0.09649675703048706
0.09257000303268433
0.09687727308273315
0.09595864629745483
0.09598177289962768
0.09063332891464233
0.09629791593551636
0.08291166639328003
0.0811061224937439
0.093435462474823
0.055335458278656005
0.06307738637924194
0.08387487745285034
0.06748360013961792
0.08660190916061401
0.07279795026779175
0.07680552816390991
0.061727460384368896
0.08145922040939331
0.08820741987228393
0.052977975368499755
0.07226222372055054
0.06144016599655151
0.0805413088798523
0.07784598684310913
0.07687896108627319
0.09547251081466675
0.08371442174911499
0.08480161046981811
0.08514684057235718
0.09423893308639526
0.09341686582565308
0.08920019483566284
0.08607238149642944
0.08926337575912476
0.08831566190719604
0.08240264272689819
0.0869366488456726
0.09285848951339722
0.0949012598991394
0.0912396273612976
0.09028762197494507
0.0729731879234314
0.09031074857711792
0.08918875074386597
0.09139555311203003
0.08934133863449097
0.06870549535751343
0.08906620359420776
0.09021871900558472
0.09550231313705444
0.09626644468307495
0.07850235319137573
0.09540289258956909
0.0839292368888855
0.08561962461471558
0.08456247663497925
0.08411639547348022
0.09133380270004272
0.08599966382980347
0.06381696081161499
0.08305281019210815
0.07049053525924683
0.09136408185958862
0.08269041395187378
0.09277218198776245
0.06950562810897827
0.0885826907157898
0.08818834638595581
0.07323187208175659
0.07340877866744995
0.09375494337081909
0.08733623838424683
0.08135717725753784
0.07929867124557495
0.09577601766586304
0.08375590658187866
0.07781403875350952
0.08668082571029663
0.08808987951278686
0.08601158475875854
0.0822517237663269
0.08532994604110718
0.0896374545097351
0.08026140546798706
0.09098308897018433
0.07147234296798706
0.09064143514633179
0.07539194440841675
0.09423988676071167
0.07347482061386108
0.09293406820297241
0.09529035902023315
0.09464591360092163
0.08945220327377319
0.09485619878768921
0.09071701383590698
0.09442442274093628
0.06931370115280151
0.07781880712509155
0.09567731237411499
1000
97.2
50
0.04710548734664917
215.94640944084347