0.06956730270385741
0.07779989624023437
0.07291660690307616
0.06595931434631347
0.07510719680786132
0.0778513946533203
0.06949863815307616
0.07712326431274413
0.07794914627075195
0.0680094757080078
0.06680045509338378
0.07698688888549804
0.06350908660888671
0.07457647705078124
0.07435021781921386
0.07919130706787109
0.06751785659790038
0.07766304397583007
0.07931337738037109
0.07125745201110839
0.07510719680786132
0.07592306518554687
0.07119045639038085
0.0726924934387207
0.07828603172302245
0.06910238647460937
0.07882843399047851
0.07401285552978515
0.07108292961120605
0.07900748634338378
0.07629070663452148
0.07453093910217284
0.0749665298461914
0.07688031578063964
0.06258783721923827
0.0705884494781494
0.06147537612915038
0.054388145446777336
0.055762866973876946
0.0536347427368164
0.06063161277770995
0.06417332077026366
0.06122575187683105
0.059665779113769524
0.04326854133605956
0.037597993850708
0.03671803092956544
0.03000297164916993
0.010811468124389656
0.024579425811767586
0.027762790679931648
0.011514564514160164
0.008497138977050789
0.008412937164306633
0.02822456741333007
0.02914295578002929
0.041224102020263664
0.059998611450195305
0.06170854949951171
0.07170353317260741
0.06548962974548339
0.07062206649780273
0.06439767265319823
0.07036052131652831
0.07035980606079101
0.07828483963012695
0.07636151695251464
0.07130704307556152
0.07354054832458495
0.06932936096191405
0.07537184143066405
0.05833778762817382
0.0782924690246582
0.06727490806579589
0.07771597290039062
0.07246122741699218
0.0751951732635498
0.07770953559875488
0.07329879188537597
0.0741582908630371
0.07646737480163573
0.07508287811279296
0.07728205108642577
0.07740126037597655
0.07698974990844726
0.07823644065856933
0.07844028854370116
0.0763855972290039
0.07657084846496581
0.0725105800628662
0.0671843090057373
0.0763410129547119
0.06348405265808105
0.07581982994079589
0.06673083686828613
0.06006846809387206
0.07042346382141113
0.04198465728759765
0.04037032508850097
0.0643929042816162
0.036151985168457024
0.033546825408935554
0.029634138107299812
0.010127922058105476
0.01149406051635743
0.024631639480590828
0.009030004501342781
0.009184738159179695
0.003144363403320305
0.02385459327697753
0.03466067695617675
0.018196681976318352
0.02555117988586425
0.03992352867126464
0.04538641357421874
0.06415520095825195
0.07302508735656738
0.0724648036956787
0.07121787452697753
0.0671087303161621
0.07740579032897948
0.07319341087341308
0.06758294486999511
0.07764253997802734
0.07220898056030273
0.0663758316040039
0.06137285614013671
0.05050406837463378
0.0702827968597412
0.07645211601257323
0.07225904846191405
0.07887564086914062
0.05397949600219726
0.07406840705871581
0.0773619213104248
0.07842717552185058
0.07490954780578613
0.07517395401000976
0.07540569686889648
0.07505069160461425
0.07352314376831054
0.07580361747741698
0.0785223045349121
0.07677112007141113
0.06835232162475585
0.0702966251373291
0.06878862762451171
0.07759962463378905
0.06713638687133788
0.07597551727294921
0.06141386413574218
0.043552497863769524
0.062293390274047844
0.07094178581237792
0.0442360439300537
0.06474862480163573
0.05607495689392089
0.07547364616394042
0.06323681259155273
0.04203520202636718
0.0622409381866455
0.05187831306457519
0.07089529418945312
0.036999086380004875
0.03307376289367675
0.05191479110717773
0.07213268661499023
0.07472644233703613
0.07016454124450683
0.06728468322753905
0.057628969192504875
0.07792840385437011
0.07344780349731445
0.07325492286682128
0.0775447883605957
0.07274732971191405
0.07525811576843261
0.06456933403015136
0.07382784271240234
0.06614337348937988
0.06960521125793456
0.0691834487915039
0.06954584503173827
0.05972609901428222
0.06991229438781738
0.0762780704498291
0.06768975639343261
0.06617269897460937
0.07565627479553222
0.07368765258789062
0.06790862464904784
0.07539639854431152
0.0769506492614746
0.07157717132568359
0.07318983459472655
0.059208015441894524
0.07741532707214355
0.07395396614074706
0.057198862075805657
0.07830486679077148
0.07801232719421386
0.07157335662841796
0.06053052330017089
0.07753477478027343
0.07414732360839843
0.07164941215515136
0.06690345191955566
0.0656291046142578
0.06974015617370605
0.07680354499816894
0.07621059799194335
0.06147942924499511
0.05841527366638183
0.0782626667022705
0.060668567657470696
0.03804979705810546
0.025859693527221672
0.04320059204101562
0.06481418991088866
0.05229053878784179
0.05883632087707519
0.059298376083374016
0.0768278636932373
0.06206093215942382
0.06871519470214843
0.06675348663330077
0.05211530113220214
0.07272253417968749
0.07595429801940917
0.06559548759460448
0.05996237182617187
0.073791841506958
0.07494960212707519
0.07108889007568359
0.07108030700683593
0.07535205268859863
0.07444343948364257
0.07447157287597655
0.0625470676422119
0.0625604190826416
0.07267270469665527
0.06857095146179198
0.06897244834899902
0.06050739669799804
0.07757435226440429
0.07769403839111327
0.07563147926330566
0.07842908287048339
0.07364211463928222
0.06873879814147948
0.06972513580322265
0.07604561233520507
0.07221208000183105
0.055932382583618157
0.050921300888061516
0.05806956672668456
0.07828412437438964
0.0686961212158203
0.0783237018585205
0.07523188972473144
0.07457147026062011
0.06798611068725585
0.07726297760009765
0.07509551429748534
0.06032572174072265
0.07655678176879882
0.06901083374023437
0.059272150039672844
0.061071495056152336
0.07251344108581542
0.060252050399780266
0.043653348922729485
0.06254468345642089
0.07314286613464355
0.05800662422180175
0.05275617027282714
0.061096529006958
0.04884491348266601
0.06458745384216308
0.05501137161254882
0.05895266914367675
0.057857851028442375
0.06580982589721679
0.07663355255126952
0.07098994636535644
0.0610815086364746
0.05472288513183593
0.047034839630126946
0.06774721527099609
0.0751336612701416
0.07528267288208007
0.07538996124267577
0.07641992950439452
0.06388483428955077
0.07150683784484863
0.0736239948272705
0.0735486545562744
0.07536182785034179
0.060522178649902336
0.06952391052246093
0.059189895629882805
0.07824311637878417
0.07504163169860839
0.07720408821105956
0.07185707473754882
0.07383523368835448
0.07367859268188476
0.07483563804626464
0.07117686653137206
0.061829666137695305
0.06572304153442382
0.0784314670562744
0.0720225372314453
0.05888090515136718
0.07723532104492187
0.06819544219970702
0.07299623870849609
0.06973824882507323
0.06085095787048339
0.057632068634033196
0.07770738983154296
0.07038245582580566
0.05656800651550292
0.060233453750610344
0.07793221855163573
0.0664223232269287
0.06124649429321288
0.061268190383911125
0.07448969268798827
0.05941186332702636
0.06003556632995605
0.06931767845153808
0.06527123832702636
0.07215366744995116
0.07482347869873046
0.07472954177856445
0.06623731040954589
0.06850800895690917
0.06810913467407226
0.07152996444702148
0.06340585136413573
0.0620428123474121
0.058396677017211907
0.045985082626342766
0.06514845275878905
0.05606446647644042
0.059482673645019524
0.0769511260986328
0.07287321472167968
0.06850991630554198
0.07453689956665038
0.06594763183593749
0.07419524574279784
0.07334361457824706
0.0706027545928955
0.06939230346679687
0.06147299194335937
0.06626043701171874
0.0541380443572998
0.05969128990173339
0.0768888988494873
0.07746324920654296
0.07738862419128417
0.06768713378906249
0.06976614379882812
0.06740007781982421
0.06740770721435546
0.06660995864868163
0.07275162124633788
0.07247147941589355
0.07894549751281738
0.07441339874267577
0.07752023124694823
0.0596009292602539
0.04145727539062499
0.06159100914001464
0.07155785942077636
0.05875835800170898
0.07176075363159179
0.06683240318298339
0.07567105674743652
0.05464969062805175
0.05939469718933105
0.07770071411132812
0.04847274208068847
0.06799135589599609
0.0736082592010498
0.07276354217529296
0.07143054389953613
0.0730141201019287
0.07796082878112792
0.06011066818237304
0.06924138450622558
0.07434473419189452
0.07716713333129882
0.07418404006958007
0.06410870933532714
0.05918488883972167
0.06413827323913573
0.04120359802246093
0.06010661506652831
0.059695104598999016
0.07239756965637206
0.07666836166381835
0.0765684642791748
0.06566105270385741
0.06676683807373046
0.0635381736755371
0.06939111137390136
0.07193622970581054
0.07009301567077636
0.06830344581604003
0.0743871726989746
0.05962977790832519
0.062354663848876946
0.07814464950561523
0.057310203552246086
0.037783245086669914
0.05103621864318847
0.05350265884399413
0.07294855499267577
0.07146392250061034
0.07185659790039062
0.07374821090698241
0.07485161209106445
0.07265839958190917
0.0774847068786621
0.029650787353515617
0.04006109619140624
0.03981528663635253
0.05899272346496581
0.07963261985778808
0.07561908149719238
0.0752271213531494
0.06781421089172363
0.0758212604522705
0.07773957633972167
0.04648361587524413
0.06107936286926269
0.07756410026550292
0.07666383171081542
0.07722292327880859
0.07285771751403808
0.07282934570312499
0.06782851600646972
0.07442937278747558
0.07102427864074706
0.07034883880615234
0.028281787872314446
0.045931438446044914
0.06499467277526855
0.07502088928222655
0.07132826232910155
0.047667840957641594
0.04178939247131347
0.061194757461547844
0.07378254318237304
0.04700837516784667
0.04804883384704589
0.06925115966796874
0.06670270347595214
0.06665835762023925
0.07637319946289062
0.07434235000610351
0.07234630966186523
0.06740508460998534
0.07721839332580566
0.0747531452178955
0.07129488372802734
0.06612310791015624
0.07803497695922851
0.05949149513244628
0.06231913948059081
0.06555519485473632
0.07802782440185546
0.07406077766418456
0.06450114631652831
0.07692799949645995
0.07338438415527343
0.0756524600982666
0.060195306777954094
0.04459557914733886
0.06377134704589843
0.06046829605102538
0.07727847480773925
0.05417189979553222
0.03930960083007812
0.05979833984374999
0.07034597778320312
0.061211923599243157
0.07239828491210937
0.07657895469665527
0.06781230354309081
0.07623968505859374
0.06351313972473144
0.04615674400329589
0.06524000549316405
0.06640944862365722
0.0697020092010498
0.07475886726379394
0.06334672355651855
0.06460414314270019
0.07536659622192382
0.07567177200317382
0.0687860050201416
0.07735858345031738
0.07525239372253417
0.0699158706665039
0.0316623249053955
0.04192386054992675
0.060343364715576164
0.07642279052734374
0.05829153442382812
0.0296021499633789
0.04722485923767089
0.055776456832885735
0.07440696144104003
0.06496749305725097
0.07002625846862792
0.07390127563476562
0.07112584495544433
0.07015667343139648
0.07803163909912109
0.07385931396484374
0.07009301567077636
0.05864940071105956
0.06236730003356933
0.07755861663818359
0.0768135585784912
0.07182584190368652
0.07478676223754882
0.06605253601074218
0.056365350723266594
0.06387720489501952
0.07612071418762206
0.0708473720550537
0.06313429260253905
0.07256923103332519
0.05444059753417968
0.060268501281738274
0.03385005378723144
0.04466424369812011
0.06426773452758788
0.07281742477416991
0.05631289863586425
0.05683813476562499
0.07442269706726073
0.05974755668640136
0.07592521095275878
0.061751703262329094
0.05607519531249999
0.05392966651916503
0.07248506927490234
0.06602130317687988
0.06775484466552734
0.06808791542053222
0.07121811294555663
0.07195744895935058
0.06764064216613769
0.07198439025878905
0.0709239044189453
0.05853710556030273
0.07496509933471679
0.06949172401428222
0.06474457168579101
0.07577405357360839
0.04946432495117187
0.03927216911315917
0.0245517292022705
0.03917751693725585
0.058832744598388664
0.04686723136901855
0.06640873336791991
0.07459102058410644
0.07758794212341308
0.0742488899230957
0.07221804046630859
0.07503853225708007
0.07803211593627929
0.07487926864624023
0.07333813095092773
0.06541834259033202
0.06219039344787597
0.05557761573791503
0.07544384384155273
0.07269201660156249
0.06971464538574218
0.06788835906982421
0.06498227500915527
0.07390008354187011
0.07794771575927734
0.07679281616210937
0.07085428619384765
0.06087527656555175
0.0699001350402832
0.04647145652770995
0.06637869262695312
0.07714352989196777
0.07613335037231445
0.06659613037109374
0.06259379768371581
0.07802400970458984
0.06230507278442382
0.06959853553771972
0.07304630661010741
0.05927000427246093
0.07525215530395507
0.0649574794769287
0.07269606971740722
0.06967006111145019
0.07223401451110839
0.07613215827941894
0.07468901062011718
0.06895242118835448
0.06384501838684081
0.06462512397766113
0.06912742042541503
0.07491670036315917
0.06528029823303222
0.07380853080749511
0.07737884902954101
0.05709228897094726
0.07157669448852538
0.04201994323730468
0.007660011291503899
0.020862440109252922
0.03974233055114745
0.059740642547607414
0.07366333389282226
0.056177953720092766
0.0764173069000244
0.07338128471374511
0.06634841346740722
0.07768044853210448
0.07648048782348632
0.07735786819458007
0.07265863800048827
0.06403503799438476
0.05976472282409667
0.0598450698852539
0.06672988319396972
0.07634172821044921
0.0574646987915039
0.0737157859802246
0.0710297622680664
0.07621512794494628
0.06929312133789062
0.07392058753967284
0.07142553710937499
0.07052455329895019
0.07188926124572753
0.07620439910888671
0.06696877861022948
0.07390103721618652
0.06986866378784179
0.07415352249145507
0.07229051971435546
0.04212079429626464
0.061534980773925774
0.0675960578918457
0.06858477973937988
0.0723413028717041
0.07752738380432128
0.07217321777343749
0.06361256027221679
0.07649574661254882
0.0745862522125244
0.07184396171569823
0.0674737491607666
0.05996141815185546
0.04882965469360351
0.06824241065979003
0.07659230613708495
0.06371198081970214
0.07607922935485839
0.07347641372680663
0.07039199256896972
0.07410512351989745
0.0361786880493164
0.04912600898742675
0.025948146820068352
0.04379902267456054
0.06305179977416991
0.05644975090026855
0.06664667510986327
0.05891857528686523
0.07550225639343261
0.05935273551940917
0.07640896224975585
0.0718396701812744
0.06951508903503417
0.059521059036254875
0.058282236099243157
0.05472717666625976
0.03948054695129394
0.0455626049041748
0.06593189620971679
0.0700834789276123
0.0720227756500244
0.060457805633544914
0.04781065368652343
0.06960497283935546
0.06010756874084472
0.07020745658874511
0.07425938034057616
0.07690654182434081
0.06409464263916015
0.07214246177673339
0.07715211296081542
0.07612953567504882
0.06881175422668456
0.07417903327941894
0.056083301544189446
0.07601461791992187
0.07111869239807128
0.07316027069091796
0.07033548736572265
0.07484350585937499
0.07501588249206542
0.06567893409729003
0.06580338859558105
0.06727157020568847
0.07398233795166015
0.06666169548034667
0.06252465629577636
0.05517158889770507
0.07471499824523925
0.07717643165588378
0.06846270942687988
0.05729351425170898
0.0768290557861328
0.07675991439819335
0.0662396945953369
0.07186804199218749
0.05851970100402831
0.07397089385986327
0.07424388313293456
0.07611475372314452
0.05197749519348144
0.07163129234313964
0.052985767364501946
0.04519424819946288
0.043307165145874016
0.06262097740173339
0.07837186241149902
0.07088671112060546
0.03602180862426757
0.041329721450805657
0.06057343864440917
0.07567963981628417
0.07686720275878905
0.06690130615234374
0.06478653335571288
0.059406618118286125
0.07187567138671874
0.06269655609130859
0.07004342460632323
0.07165727996826171
0.07292995834350585
0.07709727668762206
0.050370315551757805
0.06969199562072753
0.07244596862792968
0.07523188972473144
0.06919489288330077
0.06967840576171874
0.06380162620544433
0.061931947708129875
0.05964265251159667
0.0649717845916748
0.07402573013305663
0.06516085052490234
0.07403002166748046
0.07451091194152831
0.07412324333190917
0.07567344093322753
0.07646570587158202
0.07541666412353515
0.06993255996704101
0.07215390586853027
0.06908426666259765
0.0659483470916748
0.057293037414550774
0.07648024940490722
0.06538925552368163
0.05790172004699706
0.06016741180419921
0.07606850051879882
0.07117853546142577
0.056573251724243157
0.0761419334411621
0.07224688911437988
0.06892953300476073
0.06859407806396484
0.054264406204223625
0.054461101531982414
0.05913577461242675
0.06091986083984374
0.07584343338012695
0.0706184902191162
0.07351456069946288
0.05970201873779296
0.06925855064392089
0.06442175292968749
0.06206069374084472
0.06103954696655273
0.07680831336975097
0.07088599586486816
0.05697021865844726
0.07648954772949218
0.0706800022125244
0.0748749771118164
0.06574235343933105
0.06954274559020995
0.07362614059448241
0.0700233974456787
0.06169448280334472
0.06630621337890624
0.07729969406127929
0.07573829078674316
0.07155666732788085
0.0721131362915039
0.07393680000305175
0.05892787361145019
0.06300626182556152
0.07540426635742187
0.06684360885620116
0.07595239067077636
0.07545957946777343
0.06902156257629394
0.07740173721313476
0.07152686500549316
0.062168458938598625
0.07127032661437988
0.07471595191955566
0.07357154273986816
0.06784210586547851
0.07509146118164062
0.04655323410034179
0.06730423355102538
0.05834827804565429
0.07080874824523925
0.054726938247680657
0.06374631309509277
0.07099471473693847
0.043121675491333
0.05492768669128417
0.06515870475769042
0.07146559143066405
0.041053155899047844
0.060448984146118157
0.06412301445007323
0.07402930641174316
0.07050834083557128
0.07592926406860351
0.07462654495239257
0.04152427101135253
0.06133041763305663
0.06818972015380859
0.05906234169006347
0.07525358581542968
0.06525621795654296
0.05819306755065917
0.07694135093688964
0.07683406257629394
0.06880412483215331
0.07039318466186523
0.05234251403808593
0.07247529411315917
0.06306157493591308
0.0693214931488037
0.058990816116333
0.06145940208435058
0.07341823959350585
0.07726822280883788
0.07549915695190429
0.07685575866699218
0.051601747512817375
0.06841049575805663
0.07742653274536132
0.0685430564880371
0.06911526107788085
0.0760034122467041
0.07422171020507812
0.06266222381591796
0.07503495597839355
0.07616410636901855
0.07100401306152343
0.06838188552856445
0.06406031036376952
0.07674847030639648
0.07346473121643066
0.06357465171813964
0.07337270164489745
0.06145201110839843
0.07700333976745605
0.0701294937133789
0.06356392288208007
0.03305802726745605
0.0470427074432373
0.06685862922668456
0.07323346519470214
0.06619129562377929
0.07124791526794433
0.06212530517578124
0.0761869945526123
0.07668671989440917
0.05997500801086425
0.0666807689666748
0.07606707000732421
0.07038507843017577
0.06531582260131835
0.03354726219177245
0.05310998344421386
0.03982220077514648
0.04427681350708007
0.06556139373779296
0.057029346466064446
0.07644544029235839
0.07073626899719238
0.06949696922302245
0.05647621536254882
0.07592544937133788
0.06805000686645507
0.07197771453857421
0.06676493072509765
0.06285796546936034
0.07472143554687499
0.07633362197875976
0.07605681800842284
0.056125978469848625
0.05753050231933593
0.07685146713256835
0.07463775062561034
0.053107599258422844
0.07298884773254394
0.07518730545043945
0.07587395095825195
0.058204273223876946
0.07755670928955077
0.07212052726745605
0.07109556579589843
0.06836805725097655
0.07391629600524902
0.06082592391967773
0.06704888725280761
0.07525430107116698
0.05639062309265136
0.06011686706542968
0.07355914497375488
0.07482061767578124
0.0385445156097412
0.058756689071655266
0.054564813613891594
0.05153808975219726
0.0706187286376953
0.07257471466064452
0.06819639587402343
0.05058036231994628
0.06957040214538573
0.07396660232543945
0.06303773307800292
0.07043061637878417
0.07222304725646972
0.06497941398620605
0.05368886375427245
0.07441339874267577
0.07600150489807128
0.042148689270019524
0.03882775688171386
0.05853901290893554
0.07540545845031738
0.06731424713134765
0.06308899307250976
0.04855213546752929
0.06848726654052734
0.07153544807434081
0.07072840118408202
0.06487760925292968
0.07405839347839355
0.06809816741943359
0.06609688186645507
0.05650697135925292
0.039586881637573235
0.05965266609191894
0.0692287483215332
0.0739756622314453
0.07157264137268066
1000
98.8
50
0.06907067680358886
216.80635192074445